D:\repos\aburn\usr\hub\palindrome_playground\mm\models\drogue_600K_aligned.obj
scale: 1
d_000
-0.301823, -0.00962827, 0.317493
-0.300323, 0.10009, 0.303314
-0.263111, 0.0395279, 0.288143
-0.201374, 0.0313111, 0.243073
d_001
-0.295994, 0.145695, 0.286545
-0.30262, 0.236671, 0.214645
-0.261314, 0.176659, 0.229794
-0.182037, 0.139606, 0.183918
d_002
-0.304096, 0.272182, 0.17086
-0.300823, 0.314255, 0.0618858
-0.280624, 0.281639, 0.11657
-0.219212, 0.23904, 0.100651
d_003
-0.29491, 0.314934, 0.0139732
-0.284103, 0.289097, -0.093277
-0.256744, 0.283539, -0.0375977
-0.197441, 0.238426, -0.0330086
d_004
-0.291313, 0.271221, -0.14436
-0.287239, 0.204472, -0.229717
-0.264957, 0.228371, -0.177235
-0.198448, 0.188377, -0.148678
d_005
-0.284336, 0.163261, -0.260487
-0.281658, 0.0623741, -0.298149
-0.255924, 0.10709, -0.265926
-0.196014, 0.0904884, -0.225094
d_006
-0.283871, 0.00775149, -0.307442
-0.283199, -0.0952873, -0.2882
-0.266235, -0.0395012, -0.28933
-0.21756, -0.0338669, -0.254395
d_007
-0.29409, -0.145798, -0.271542
-0.304028, -0.234432, -0.205692
-0.249458, -0.170242, -0.215084
-0.194767, -0.146046, -0.186733
d_008
-0.308582, -0.269398, -0.161659
-0.313061, -0.31292, -0.0593643
-0.254265, -0.256901, -0.102543
-0.195862, -0.220573, -0.0886574
d_009
-0.302292, -0.31163, -0.00449371
-0.303059, -0.296173, 0.102253
-0.231262, -0.260372, 0.0369911
-0.188061, -0.232239, 0.0308647
d_010
-0.313454, -0.286125, 0.154991
-0.286606, -0.200615, 0.229572
-0.264027, -0.232735, 0.184952
-0.21563, -0.199852, 0.155972
d_011
-0.302299, -0.165241, 0.269253
-0.290195, -0.0585022, 0.302567
-0.266468, -0.108555, 0.269802
-0.222153, -0.0965576, 0.239677
d_012
-0.246799, 0.0826798, 0.265614
-0.231136, 0.164646, 0.210793
-0.208179, 0.116299, 0.221199
-0.159534, 0.0642014, 0.204811
d_013
-0.24506, 0.203976, 0.185863
-0.205017, 0.228458, 0.0935936
-0.18285, 0.194958, 0.123466
-0.129951, 0.161781, 0.102764
d_014
-0.248104, 0.257927, 0.107273
-0.241802, 0.273834, 0.0107956
-0.211227, 0.246517, 0.0520554
-0.157619, 0.207577, 0.0438385
d_015
-0.204437, 0.247173, 0.0109138
-0.223526, 0.246613, -0.0792542
-0.160675, 0.216808, -0.0273628
-0.12849, 0.189507, -0.0254478
d_016
-0.195896, 0.229488, -0.0720825
-0.177837, 0.178333, -0.138966
-0.157631, 0.186749, -0.0988846
-0.116558, 0.159554, -0.0857124
d_017
-0.230854, 0.180206, -0.197689
-0.218494, 0.096283, -0.239628
-0.195003, 0.130592, -0.20599
-0.142952, 0.110947, -0.17564
d_018
-0.217289, 0.0552979, -0.252979
-0.237122, -0.036602, -0.267506
-0.199062, 0.00980379, -0.244461
-0.152496, 0.0063286, -0.210934
d_019
-0.231319, 0.0109215, -0.267048
-0.244278, -0.0855179, -0.260082
-0.188305, -0.0325203, -0.233593
-0.170776, -0.0708351, -0.211681
d_020
-0.217896, -0.0778198, -0.242649
-0.261269, -0.134178, -0.251366
-0.218143, -0.157631, -0.198254
-0.181149, -0.106342, -0.204258
d_021
-0.233734, -0.1236, -0.234264
-0.243923, -0.203777, -0.178963
-0.195492, -0.145973, -0.188309
-0.152145, -0.128265, -0.165108
d_022
-0.259083, -0.209885, -0.186638
-0.231331, -0.24258, -0.0968857
-0.217251, -0.21397, -0.132744
-0.173424, -0.189136, -0.117592
d_023
-0.26749, -0.265968, -0.106812
-0.238308, -0.267265, -0.00865555
-0.218933, -0.249065, -0.0496368
-0.175388, -0.219471, -0.0479736
d_024
-0.242157, -0.262875, -0.0552979
-0.253258, -0.275185, 0.0397339
-0.203392, -0.243931, -0.00718307
-0.170822, -0.221855, -0.00823212
d_025
-0.252987, -0.247704, 0.134556
-0.265224, -0.284603, 0.0418358
-0.228924, -0.249241, 0.0803871
-0.174503, -0.214275, 0.0674057
d_026
-0.237335, -0.180584, 0.198387
-0.217495, -0.225037, 0.120083
-0.22448, -0.204693, 0.161392
-0.154888, -0.170467, 0.136269
d_027
-0.241467, -0.100586, 0.252972
-0.256847, -0.188976, 0.211651
-0.207867, -0.130863, 0.212513
-0.161358, -0.114399, 0.184216
d_028
-0.236462, -0.0102081, 0.2691
-0.222878, -0.0973892, 0.239578
-0.186962, -0.0485573, 0.246864
-0.161041, -0.0466995, 0.209717
d_029
-0.219486, 0.0795746, 0.246246
-0.198158, -0.011898, 0.242962
-0.169769, 0.029377, 0.220211
-0.128773, 0.024231, 0.191154
d_030
-0.193558, 0.0715981, 0.228111
-0.199768, 0.152756, 0.1936
-0.150619, 0.0952377, 0.185154
-0.109772, 0.0810738, 0.15852
d_031
-0.13121, 0.0890007, 0.172482
-0.151882, 0.15678, 0.139805
-0.112675, 0.11058, 0.142765
-0.0687408, 0.0881424, 0.118916
d_032
-0.144577, 0.170414, 0.109077
-0.138588, 0.193596, 0.0417519
-0.11396, 0.166634, 0.0703659
-0.0677147, 0.13467, 0.0555725
d_033
-0.119194, 0.179459, 0.0385742
-0.110287, 0.176102, -0.0236435
-0.0959167, 0.166786, 0.00421143
-0.0426025, 0.128712, 0.00294876
d_034
-0.146931, 0.201645, -0.0276451
-0.134846, 0.170025, -0.0918808
-0.126686, 0.179462, -0.0579185
-0.0585022, 0.133301, -0.043438
d_035
-0.141888, 0.156975, -0.123238
-0.124378, 0.0981255, -0.16251
-0.0619621, 0.0722008, -0.128212
-0.0950737, 0.111607, -0.125858
d_036
-0.0919418, 0.0848885, -0.143314
-0.145947, 0.042244, -0.201611
-0.073246, 0.0534706, -0.143623
-0.0965691, 0.0326614, -0.167027
d_037
-0.165516, 0.00760271, -0.219681
-0.141163, -0.0681991, -0.193958
-0.135567, -0.0273094, -0.197186
-0.0900421, -0.0255966, -0.164749
d_038
-0.150299, -0.0649528, -0.197552
-0.162266, -0.133331, -0.16811
-0.130367, -0.0940437, -0.170467
-0.0864945, -0.07901, -0.143642
d_039
-0.169991, -0.135532, -0.173351
-0.18412, -0.195347, -0.119987
-0.157848, -0.157963, -0.140919
-0.110062, -0.134212, -0.119495
d_040
-0.12653, -0.164444, -0.098999
-0.119835, -0.184105, -0.035778
-0.113888, -0.170139, -0.0672455
-0.0757256, -0.146851, -0.0572662
d_041
-0.143055, -0.202774, -0.00683975
-0.128723, -0.184345, 0.0582848
-0.108471, -0.178856, 0.0269661
-0.0694504, -0.15226, 0.0223427
d_042
-0.149715, -0.197769, 0.0641975
-0.132725, -0.155224, 0.120689
-0.0929299, -0.150002, 0.0790215
-0.0419579, -0.120522, 0.0625954
d_043
-0.11388, -0.145481, 0.111881
-0.128021, -0.10268, 0.163673
-0.0887337, -0.111904, 0.122902
-0.0392304, -0.089962, 0.0989685
d_044
-0.150234, -0.0104561, 0.208176
-0.140232, -0.0765495, 0.185722
-0.111835, -0.0395088, 0.175797
-0.0560684, -0.031002, 0.138191
d_045
-0.120777, 0.0563202, 0.178383
-0.0999908, -0.00907897, 0.171879
-0.086338, 0.0478478, 0.154606
-0.0554886, 0.0162125, 0.139507
d_046
-0.00800323, 0.085434, 0.0620537
0.0189133, 0.0394135, 0.0627823
0.053299, 0.0450554, 0.0261612
0.00286866, 0.081974, 0.0175591
d_047
-0.0130157, 0.104099, -0.0312195
-0.000411982, 0.0566292, -0.0689163
0.0689735, 0.0379295, -0.0219002
0.0112991, 0.0774155, -0.0100632
d_048
-0.00307083, -0.000652313, -0.104633
0.00546646, -0.0541382, -0.0704536
0.0644684, -0.00903702, -0.0497017
0.0153046, 0.0408211, -0.0664902
d_049
-0.00196458, -0.0878372, -0.0360298
0.00889205, -0.0817184, 0.0300751
0.097702, -0.0491829, -0.00629807
0.0424919, -0.0563889, -0.0332222
d_050
-0.0110474, -0.0119438, 0.109966
0.00708389, -0.0557556, 0.0673103
0.00717545, 0.0262337, 0.0790443
0.0535164, -0.0122109, 0.0534973
d_051
0.120899, 0.0389213, -0.0026474
0.11499, -0.000465403, -0.0445633
0.0987549, -0.0483284, -0.0109291
0.122017, 0.00037383, 0.0398102
d_052
-0.0237617, 0.114403, -0.00291061
-0.0123253, -0.115673, -0.00382614
-0.0059433, 0.00324249, 0.107761
-0.0044632, 0.00414276, -0.1092
d_053
-0.305756, -0.008728, 0.320744
0.137028, -0.00227739, -0.00314331
-0.306728, 0.0105858, -0.322536
-0.312408, -0.318428, -0.00453186
-0.304913, 0.323326, 0.00979233
d_054
0.137207, -0.00210954, -0.00493622
-0.311852, -0.311851, -0.0583191
-0.159042, -0.169811, 0.131519
-0.300941, -0.00897977, 0.317352
d_055
0.137146, -0.0024376, -0.00867462
-0.29998, 0.0469628, 0.314587
-0.299908, 0.318863, 0.0107994
-0.135948, 0.165207, 0.107037
d_056
0.137218, -0.0105286, -0.00194168
-0.304123, 0.317844, -0.0471687
-0.305939, 0.0105667, -0.322025
-0.140606, 0.106106, -0.172398
d_057
0.137489, -0.00646211, -0.00492096
-0.307774, -0.312195, 0.0514908
-0.280895, -0.0422554, -0.333378
-0.192806, -0.177891, -0.155994
d_058
-0.305344, 0.044365, 0.318043
-0.30286, 0.198227, 0.253059
-0.305023, -0.116367, 0.296024
-0.249245, 0.0371056, 0.276962
d_059
-0.303799, 0.297981, 0.120491
-0.306797, 0.280968, -0.149597
-0.215115, 0.254818, -0.0320854
-0.307285, 0.327972, 0.0096283
d_060
-0.309322, 0.217228, -0.240101
-0.307457, 0.00894168, -0.323719
-0.310566, -0.197903, -0.247383
-0.227531, 0.0104447, -0.264252
d_061
-0.295586, -0.2523, 0.207352
-0.291874, -0.275463, -0.176037
-0.309364, -0.317539, -0.00688553
-0.220478, -0.256344, -0.00654984
d_062
-0.306469, 0.32354, 0.0113907
-0.0309944, 0.120689, 0.00391388
-0.30867, 0.0473938, 0.322441
-0.303089, 0.067833, -0.313538
d_063
-0.0309944, -0.132683, -0.00936127
-0.30439, -0.111515, 0.297844
-0.307182, -0.0991974, -0.302925
-0.308628, -0.31599, -0.0103836
d_064
-0.302669, 0.316006, 0.0635071
-0.307785, 0.321301, -0.0453224
-0.307838, -0.299324, 0.103867
-0.312374, -0.312374, -0.0590706
