..\..\..\shared\mm\models\Aircraft\Calspan_GIII_ArtecRay\GIIICalspanGOLD.obj
scale: 1
GIII_001
-5.10354, 1.93733, -0.51226
-5.13058, 2.24802, -0.819206
-5.1596, 1.93785, -1.13053
-5.13476, 1.60877, -0.80603
GIII_002
-5.08294, -1.61397, -0.821457
-5.08724, -1.96015, -0.479424
-5.09304, -2.24535, -0.745693
-5.08795, -1.9742, -1.09034
GIII_003
-9.93199, -0.0204841, -0.803619
-9.92189, 0.0733003, -0.875263
-9.94646, -0.0377952, -1.00787
-9.9287, -0.136005, -0.904827
GIII_004
-9.32923, -0.00645365, -1.21371
-9.09479, 0.140313, -1.22938
-8.94327, -0.00487059, -1.32246
-9.0978, -0.199119, -1.237
GIII_005
-8.60811, -0.0366356, -1.41338
-8.35435, 0.199597, -1.42516
-8.13999, 0.0286376, -1.53297
-8.37654, -0.215797, -1.4367
GIII_006
-7.31359, -0.00624402, -1.73626
-6.97588, 0.192814, -1.78536
-6.78385, -0.0324472, -1.85604
-7.00323, -0.17982, -1.79385
GIII_007
-5.70375, -0.0082278, -2.07336
-5.29234, 0.246773, -2.12087
-4.91085, 0.0190472, -2.21817
-5.3063, -0.214386, -2.12873
GIII_007
-3.30846, 0.0594752, -2.47124
-2.84915, 0.314297, -2.48838
-2.43354, 0.119843, -2.57589
-2.93049, -0.137253, -2.50864
GIII_008
-1.67128, 0.0569803, -2.66635
-1.25665, 0.328926, -2.68311
-0.948608, 0.0779038, -2.73497
-1.25319, -0.192963, -2.69415
GIII_009
-0.675045, 0.0622903, -2.75762
-0.241615, 0.32193, -2.77532
0.129635, 0.0495796, -2.80782
-0.24316, -0.218037, -2.77703
GIII_010
-9.268, 0.216828, -0.827408
-9.16394, 0.266042, -1.01151
-9.52136, 0.109246, -1.10563
-9.67123, 0.148084, -0.976238
GIII_011
-8.71889, 0.361096, -1.0582
-8.22677, 0.422177, -0.794819
-8.1962, 0.469941, -1.10282
-8.5667, 0.310033, -1.25557
GIII_012
-7.52689, 0.536938, -1.36353
-7.94224, 0.379063, -1.41877
-7.72935, 0.224652, -1.58736
-7.20475, 0.410672, -1.62424
GIII_013
-6.20226, 0.601494, -1.73417
-6.66145, 0.366265, -1.79152
-6.18681, 0.197701, -1.95547
-5.82946, 0.456784, -1.93061
GIII_014
-4.25772, 0.658985, -2.11287
-3.76793, 0.590718, -2.24051
-4.1882, 0.256539, -2.30988
-4.61705, 0.363415, -2.20598
GIII_015
-2.34338, 0.68142, -2.46852
-1.99282, 0.887043, -2.4792
-1.69074, 0.734715, -2.6346
-1.98159, 0.465519, -2.58541
GIII_016
-3.06118, 0.927586, -1.98074
-2.5924, 0.84586, -2.17656
-2.93896, 0.667824, -2.31198
-3.33882, 0.761071, -2.15452
GIII_017
-5.17879, 0.848042, -1.68409
-4.75874, 0.741513, -1.92847
-5.17921, 0.567677, -1.98857
-5.63261, 0.728619, -1.7343
GIII_018
-6.80025, 0.702019, -1.35608
-6.41434, 0.725514, -1.48782
-6.9325, 0.483483, -1.63715
-7.21461, 0.620618, -1.3384
GIII_019
-7.75756, 0.560143, -1.10311
-7.36344, 0.639085, -1.06752
-7.12941, 0.660504, -1.27731
-7.68502, 0.513779, -1.33733
GIII_020
-9.74405, -0.223079, -0.975304
-9.53497, -0.104121, -1.15515
-9.32698, -0.240546, -1.13725
-9.44474, -0.293731, -0.940754
GIII_021
-8.87869, -0.384292, -1.11143
-8.83733, -0.230304, -1.3057
-8.57355, -0.372585, -1.2688
-8.64977, -0.45211, -1.06218
GIII_022
-8.12946, -0.327441, -1.45388
-7.80852, -0.103843, -1.6185
-7.56049, -0.313625, -1.61628
-7.87722, -0.423862, -1.45153
GIII_023
-6.65463, -0.280898, -1.84833
-6.35088, -0.11124, -1.94307
-6.06676, -0.325595, -1.9563
-6.44063, -0.481849, -1.80404
GIII_024
-4.8165, -0.307174, -2.19476
-4.31252, -0.114803, -2.314
-3.93296, -0.391483, -2.31389
-4.47733, -0.568935, -2.14373
GIII_025
-3.0455, -0.43119, -2.42133
-2.44004, -0.217682, -2.56493
-2.14152, -0.48962, -2.55979
-2.71636, -0.67522, -2.35328
GIII_026
-2.05317, -0.755276, -2.52541
-1.52358, -0.589798, -2.66549
-1.39061, -0.886623, -2.68975
-1.72481, -0.959198, -2.43046
GIII_027
-2.67862, -0.879654, -2.02911
-2.29595, -0.79705, -2.30051
-1.78561, -0.929294, -2.15695
-2.27729, -0.970966, -1.90294
GIII_028
-3.97072, -0.737777, -2.07555
-3.48129, -0.543403, -2.29458
-3.13638, -0.791347, -2.12957
-3.45877, -0.895355, -1.95113
GIII_029
-5.41849, -0.6805, -1.85841
-5.14264, -0.501636, -2.04629
-4.68139, -0.76189, -1.9253
-5.01438, -0.85437, -1.72985
GIII_030
-6.06935, -0.584907, -1.79429
-5.72743, -0.360336, -1.99855
-5.49554, -0.67136, -1.85143
-5.7822, -0.742424, -1.70076
GIII_031
-7.0872, -0.545104, -1.5332
-6.84357, -0.396953, -1.71837
-6.48351, -0.628341, -1.62157
-6.85147, -0.671317, -1.43293
GIII_032
-7.52744, -0.480014, -1.46324
-7.23731, -0.30117, -1.672
-7.08205, -0.589301, -1.4818
-7.37406, -0.595817, -1.35397
GIII_033
-8.36666, -0.53231, -1.0638
-8.2747, -0.46115, -1.31487
-7.93352, -0.601798, -1.17178
-8.12208, -0.575153, -0.956081
GIII_034
-7.58639, -0.662772, -1.21654
-7.49874, -0.570323, -1.45823
-7.0159, -0.74755, -1.31558
-7.25388, -0.738281, -1.09063
GIII_035
-6.86281, -0.779243, -1.29671
-6.73886, -0.667983, -1.54728
-6.312, -0.812782, -1.43417
-6.49842, -0.834007, -1.23167
GIII_036
-6.23471, -0.837631, -1.3988
-6.05906, -0.795356, -1.56506
-5.6926, -0.915512, -1.4062
-5.9168, -0.90969, -1.31089
GIII_037
-9.26125, -0.186702, -0.697113
-9.16706, -0.327369, -0.839016
-8.76879, -0.408817, -0.84988
-8.86713, -0.253703, -0.670048
GIII_038
-1.60031, 1.05488, -1.9168
-2.17772, 0.922596, -2.15992
-2.41528, 1.00938, -1.90804
-1.9768, 1.12658, -1.64778
GIII_039
-3.47927, 1.02673, -1.75416
-3.70781, 0.841515, -2.0128
-4.23165, 0.838612, -1.92447
-4.15097, 0.99474, -1.65941
GIII_040
-5.51109, 0.915013, -1.39463
-5.91711, 0.751908, -1.62568
-6.13507, 0.84158, -1.29512
-5.81905, 0.901612, -1.21529
GIII_041
-2.42405, 1.16515, -1.44559
-2.77662, 1.05666, -1.76387
-3.13507, 1.1388, -1.43505
-2.81971, 1.1699, -1.27988
GIII_042
-3.52336, 1.12109, -1.41123
-3.75144, 1.02498, -1.6828
-4.17584, 1.07199, -1.40663
-3.85862, 1.115, -1.2482
GIII_043
-4.37569, 1.05132, -1.42089
-4.6129, 0.940918, -1.669
-5.01592, 0.978493, -1.41574
-4.69812, 1.04078, -1.26648
GIII_044
-2.5913, -0.895653, -2.05435
-2.37196, -0.811092, -2.28449
-1.95986, -0.930023, -2.10723
-2.21522, -1, -1.88044
GIII_045
-4.43123, -0.953655, -1.70349
-4.25491, -0.82011, -1.93694
-3.64754, -0.98566, -1.79987
-4.08322, -1.04677, -1.51436
GIII_046
-5.13944, -0.994735, -1.2877
-5.32998, -0.902965, -1.54821
-4.77206, -0.939086, -1.62641
-4.55167, -1.04147, -1.36688
GIII_047
-3.34814, -1.07953, -1.55094
-2.92994, -0.947082, -1.92382
-2.54472, -1.09032, -1.62123
-2.85561, -1.12108, -1.4547
GIII_048
-7.8008, -0.452827, -0.637577
-7.77334, -0.597862, -0.932571
-7.42387, -0.623588, -0.806004
-7.43218, -0.471694, -0.582428
GIII_049
-5.33528, 1.48791, -0.948978
-5.9629, 0.930668, -1.03151
-4.99096, 1.02788, -1.10476
-4.76005, 1.49437, -1.03648
GIII_050
-4.4599, 1.49247, -1.06178
-4.54403, 1.05882, -1.25415
-3.63967, 1.12727, -1.1427
-3.62073, 1.47751, -1.10533
GIII_051
-3.32734, 1.44331, -1.08118
-3.34307, 1.1754, -1.12821
-2.61234, 1.43603, -1.07612
-2.58316, 1.21143, -1.08384
GIII_052
-2.29254, 1.41343, -1.03561
-2.28345, 1.18224, -1.10053
-0.660969, 1.41203, -0.813995
-0.812443, 1.19967, -0.878475
GIII_053
-5.97964, -0.946063, -1.02615
-5.34114, -1.50964, -0.94408
-4.96782, -1.03276, -1.17046
-4.78153, -1.46296, -1.03016
GIII_054
-4.59832, -1.09479, -1.11675
-4.52309, -1.52724, -1.04305
-3.81682, -1.10445, -1.36154
-3.72077, -1.44265, -1.07679
GIII_055
-3.74177, -1.06014, -1.60049
-3.36904, -1.42958, -1.07819
-3.09979, -1.06832, -1.64536
-2.64989, -1.3885, -1.04986
GIII_056
-4.65735, 2.1793, -1.09295
-4.63697, 1.7971, -1.13056
-4.07935, 2.2238, -1.21022
-4.06053, 1.86812, -1.29362
GIII_057
-3.98014, 2.1977, -1.24959
-4.01273, 1.78675, -1.2831
-3.32855, 2.17488, -1.36503
-3.37802, 1.76703, -1.37363
GIII_058
-3.01839, 2.21127, -1.37067
-3.14983, 1.78246, -1.39622
-2.12971, 2.18312, -1.36141
-2.27966, 1.79577, -1.39193
GIII_059
-1.68899, 2.14861, -1.34562
-1.74285, 1.77182, -1.34652
-0.401039, 1.74302, -1.10707
-0.402626, 2.15532, -1.09701
GIII_060
-4.63436, -1.81317, -1.11562
-4.61794, -2.22252, -1.00116
-4.03334, -1.81065, -1.28102
-4.00558, -2.22715, -1.20611
GIII_061
-3.99714, -1.80614, -1.28815
-3.99488, -2.21719, -1.21314
-3.30945, -1.80782, -1.39248
-3.29922, -2.25473, -1.30769
GIII_062
-3.29154, -1.83469, -1.39994
-3.19981, -2.35012, -1.23376
-2.40356, -1.8332, -1.40752
-2.25544, -2.28635, -1.29514
GIII_063
-1.85662, -1.80391, -1.36911
-1.70767, -2.28643, -1.24117
-0.468262, -1.69171, -1.14359
-0.534683, -2.14758, -1.13443
GIII_064
-1.63278, 1.19655, -1.27048
-0.645107, 0.197582, -2.75275
-9.82785, -0.080535, -1.07142
-8.04191, 0.248757, -0.579224
GIII_065
-1.66938, -1.16026, -1.23322
-1.79315, 0.0305101, -2.66468
-9.80645, -0.166667, -1.04032
-7.8893, -0.317344, -0.583027
GIII_066
-4.1466, 1.03444, -1.56197
-0.651798, 0.108444, -2.76671
-4.35687, -0.971511, -1.7004
-9.93354, -0.0519515, -0.944069
GIII_067
-1.47377, 1.07777, -2.63789
-1.46423, -0.869209, -2.6757
-6.12959, 0.858483, -1.13862
-6.38426, -0.813568, -1.35088
GIII_068
-5.33562, 1.49599, -0.953037
-5.942, 0.911324, -1.03848
-0.944279, 1.45646, -0.957432
-0.721199, 1.26381, -0.854805
GIII_069
-5.89288, -0.91735, -1.02755
-5.26223, -1.52143, -0.960888
-1.72382, -1.14295, -1.49692
-1.13009, -1.40975, -0.991596
GIII_070
-5.05118, 1.95264, -1.01018
-2.7848, 2.49117, -1.07671
-3.0808, 1.47466, -1.14182
-0.475349, 1.92928, -1.18123
GIII_071
-5.01108, -2.03032, -0.997086
-2.77672, -1.42568, -1.07906
-0.587673, -1.82431, -1.21008
-2.7646, -2.48307, -1.04879
GIII_072
-5.03207, -2.03534, -0.471581
-2.62418, -1.89666, -0.184498
-0.341599, -1.83562, -0.171143
-2.63754, -2.50693, -0.785168
-5.06466, -2.25591, -0.851265
-0.331787, -2.33753, -0.713455
-2.48467, -1.92925, -1.43716
-5.08187, -1.93571, -1.11766
-0.248524, -1.88855, -1.05091
-0.296539, -1.42093, -0.632401
-2.03216, -1.25293, -0.614288
-4.99406, -1.52342, -0.82412
GIII_073
-5.07681, 1.9284, -0.454113
-2.60741, 1.91237, -0.172112
-0.381374, 1.94344, -0.162121
-2.45557, 1.33368, -0.598873
-5.33661, 1.485, -0.906712
-5.10567, 2.26507, -0.812752
-2.96513, 2.04536, -1.4216
-2.47037, 2.53176, -0.681168
-0.343338, 2.4013, -0.60273
-0.269287, 2.0115, -1.06866
-0.284191, 1.51844, -0.708748
GIII_074
-5.17453, 1.96294, -1.10115
-5.12144, 2.25341, -0.775288
-5.14349, 1.61297, -0.837894
-5.09389, 1.9708, -0.469944
-5.09756, -1.94452, -0.475601
-5.07272, -1.60541, -0.83223
-5.09017, -1.94909, -1.09017
-5.09053, -2.26192, -0.755695
-2.318, -2.51404, -0.759178
-0.325932, -2.3398, -0.529068
-2.70672, 2.54015, -0.775791
-0.356212, 2.38923, -0.616856
-0.267917, 1.91809, -1.05973
-0.301281, 1.493, -0.726784
-0.307571, 1.97649, -0.218994
-0.285443, -1.91162, -0.194195
-0.257004, -2.31441, -0.61478
-0.399117, -1.74176, -0.998409
-0.274765, -1.44922, -0.587166
GIII_075
-9.89066, -0.0805579, -1.03943
-2.76507, 11.418, -2.18906
-3.09459, -11.3265, -2.12708
12.5792, 0.17995, -1.93472
GIII_076
-1.46682, -1.05515, -2.61926
-1.31905, -2.00543, -2.60414
0.28117, -1.21215, -2.75157
0.185829, -2.45376, -2.67575
GIII_077
-1.3993, 2.07909, -2.60106
-1.45153, 1.14597, -2.63026
-0.135147, 2.50109, -2.67201
-0.0469092, 1.3503, -2.74232
GIII_078
-5.26881, 1.43693, -0.984875
-5.75552, 0.0302396, -2.0592
-5.16304, -1.5144, -0.979481
-9.88756, -0.024871, -1.04482
GIII_079
-5.06742, 2.37694, -0.787769
-5.00821, -2.37115, -0.771519
-0.490249, 2.22395, -1.09272
-0.643078, -2.13866, -1.16806
GIII_080
-11.2879, 3.8904, 2.81506
-12.4961, -4.11547, 2.83326
-11.2565, -4.03878, 2.86993
-12.576, 4.01021, 2.80704
-8.75849, 0.150437, 2.78632
-11.2463, 0.128614, 2.74512
-8.82541, -0.218696, 2.78162
-11.1945, -0.202636, 2.75922
-4.61739, 0.116204, -0.051918
-9.72902, -0.0153533, -0.65958
-9.70854, -0.0398666, -0.679447
-5.98085, -0.137397, -0.117897
-7.22574, -0.0468858, 1.56414
-10.5383, -0.0226393, 0.949806
GIII_081
-12.5801, 4.03072, 2.8102
-11.2958, 3.8937, 2.81759
-8.71629, 0.194848, 2.80633
-8.81081, -0.240321, 2.78564
-11.284, -3.95705, 2.83257
-12.5687, -4.10584, 2.82989
-11.8796, -0.0472249, 2.80322
GIII_082
-12.5672, 4.03911, 2.81115
-11.2278, 0.175534, 2.75087
-8.79018, 0.198373, 2.78646
-11.3011, 3.90586, 2.82306
GIII_083
-11.219, -0.224673, 2.75508
-12.5539, -4.11883, 2.83095
-11.2451, -3.92565, 2.83146
-8.84106, -0.219089, 2.77312
GIII_084
-4.51626, 11.7382, -0.555527
4.16061, 1.0186, -2.53583
-1.22981, 1.33101, -2.64867
-2.24528, 11.241, -2.20381
GIII_085
-1.37004, -1.3289, -2.62053
-4.28058, -11.732, -0.538445
-2.14394, -11.2012, -2.16524
4.04349, -1.04324, -2.54253
GIII_086
-3.64043, 11.3127, -2.13207
-2.22452, 11.2454, -2.19538
-3.54058, -11.241, -2.08743
-2.09486, -11.2151, -2.17488
4.2021, 1.0542, -2.5068
4.20929, -0.826256, -2.54029
-1.26044, 1.42675, -2.63566
-1.29987, -1.31301, -2.62581
GIII_087
4.60566, 0.959907, -2.1957
4.66064, -0.740174, -2.30366
12.1269, 0.252471, -2.1141
12.1705, 0.0147733, -2.11018
GIII_088
-2.36125, 11.3156, -2.18677
-2.08918, -11.2122, -2.16515
12.4188, 0.112075, -2.01814
12.027, 0.296851, -2.12394
12.0868, -0.095605, -2.06928
GIII_089
-3.64078, 11.3454, -2.12959
-3.42022, -11.2324, -2.09775
-12.5319, 3.95809, 2.80893
-12.4815, -3.95876, 2.82584
GIII_090
-3.73441, 11.2756, -2.12756
-9.70946, -0.0392867, -1.10827
-3.50443, -11.2497, -2.08619
-0.776794, 0.0525628, -2.75572
GIII_091
-3.23514, 11.3246, -2.17023
-9.75965, -0.0945846, -1.08065
12.0345, 0.157847, -2.16747
0.444527, -0.0419274, -2.82775
GIII_092
-9.7611, -0.0701133, -1.09193
12.2636, 0.118182, -2.09091
1.04398, 0.0110892, -2.89885
-2.88263, -11.2341, -2.14638
GIII_093
12.6107, 0.0852803, -1.84594
-9.98322, -0.0371467, -0.907131
2.12905, 1.24163, -1.32295
1.58726, -1.11515, -1.21833
