D:\ArtecRayProjects\LearjetCalspanFINAL\LeajetProbe24\LearjetProbe24.obj
scale: 1
p_001
0.100201, 0.268505, -0.144386
0.100277, 0.288887, -0.177078
0.0524445, 0.291779, -0.16449
0.0680046, 0.256714, -0.142975
p_002
0.139469, 0.264313, -0.185463
0.141655, 0.221352, -0.211498
0.100372, 0.258335, -0.235321
0.102428, 0.287018, -0.204475
p_003
0.0492249, 0.217693, -0.230209
0.0642281, 0.197929, -0.186947
0.114475, 0.185116, -0.201828
0.0946388, 0.2295, -0.235252
p_004
0.080101, 0.222435, -0.131886
0.0305748, 0.253712, -0.154842
0.0347939, 0.213737, -0.184662
0.0792961, 0.188946, -0.164867
p_005
0.136383, 0.184631, -0.0971985
0.1045, 0.193047, -0.119228
0.137058, 0.150314, -0.129509
0.157143, 0.150574, -0.0954514
p_006
0.169083, 0.207066, -0.0889549
0.181957, 0.231331, -0.115353
0.141258, 0.252201, -0.130638
0.129906, 0.226833, -0.109623
p_007
0.217911, 0.210773, -0.143692
0.181328, 0.205105, -0.186001
0.160812, 0.250202, -0.170597
0.172359, 0.24374, -0.141655
p_008
0.127472, 0.161278, -0.167618
0.151314, 0.177731, -0.192738
0.194489, 0.160789, -0.173016
0.163818, 0.136578, -0.14436
p_009
0.213268, 0.143723, -0.0462914
0.181435, 0.175381, -0.0694542
0.179237, 0.127266, -0.0949745
0.218948, 0.0995369, -0.0772858
p_010
0.210842, 0.176414, -0.0600014
0.262074, 0.168915, -0.0494308
0.234062, 0.201969, -0.0912285
0.196518, 0.214573, -0.0938721
p_011
0.269146, 0.182434, -0.0965691
0.232193, 0.205425, -0.122124
0.274277, 0.146545, -0.129272
0.233959, 0.174026, -0.153759
p_012
0.20993, 0.108326, -0.119415
0.192703, 0.130627, -0.149529
0.248428, 0.140709, -0.145359
0.255478, 0.0998039, -0.121861
p_013
0.239948, 0.102837, -0.0407372
0.286175, 0.100918, -0.00537491
0.304092, 0.0620804, -0.00198746
0.277889, 0.064434, -0.0319138
p_014
0.311428, 0.102348, 0.00553513
0.351585, 0.121407, -0.011631
0.302723, 0.151489, -0.0397263
0.271885, 0.130596, -0.0214043
p_015
0.33522, 0.14098, -0.0551567
0.308578, 0.150127, -0.0941849
0.343525, 0.114552, -0.0835228
0.366005, 0.110641, -0.0615234
p_016
0.357437, 0.09029, -0.0787926
0.325455, 0.0548858, -0.0791321
0.298618, 0.079689, -0.101696
0.302078, 0.11713, -0.112747
p_017
0.250225, 0.0766716, -0.0740013
0.264736, 0.0805053, -0.101589
0.301792, 0.0576858, -0.0804138
0.290913, 0.0513649, -0.0566254
p_018
0.374474, 0.0411758, 0.0514908
0.37252, 0.0771599, 0.0341225
0.331665, 0.0682754, 0.0247192
0.350864, 0.0245514, 0.0218925
p_019
0.412102, 0.0764923, 0.0339699
0.367615, 0.103096, 0.00938034
0.433308, 0.0751953, -0.00325012
0.391304, 0.104515, -0.0235519
p_020
0.43935, 0.0431556, -0.0280495
0.397266, 0.0309257, -0.0498314
0.381187, 0.0766792, -0.064537
0.411091, 0.0818405, -0.032032
p_021
0.327511, 0.0280456, -0.014595
0.34898, 0.0245132, -0.0489273
0.389217, 0.0033569, -0.0307083
0.369942, -0.000644716, 0.00430679
p_022
0.470432, 0.0140228, 0.0947609
0.453945, 0.0476226, 0.0637856
0.41283, 0.0492439, 0.0607376
0.433792, 0.0128555, 0.0838852
p_023
0.39978, 0.00642773, 0.0618858
0.407185, -0.0237236, 0.0369186
0.452637, -0.0538865, 0.0618477
0.448936, -0.0180321, 0.0964241
p_024
0.439861, -0.0407982, 0.0201454
0.410805, -0.0167656, -0.00939178
0.4641, -0.0136605, -0.00903702
0.484608, -0.0488968, 0.0179138
p_025
0.496456, 0.0366821, 0.0530853
0.53651, 0.00238414, 0.0444603
0.499699, 0.00427242, 0.00872421
0.473343, 0.044918, 0.00806427
p_026
0.556225, -0.0103798, 0.113857
0.50803, 0.00444408, 0.105507
0.500584, 0.0217857, 0.0865631
0.543152, 0.00603099, 0.0769653
p_027
0.518528, -0.0223961, 0.12973
0.495476, -0.0109711, 0.116882
0.473129, -0.0371781, 0.110977
0.502113, -0.061596, 0.123768
p_028
0.489761, -0.0705567, 0.0980568
0.474339, -0.0664292, 0.0521622
0.512115, -0.0832215, 0.0542793
0.516773, -0.0952416, 0.0965652
p_029
0.546173, -0.0738221, 0.0452461
0.524582, -0.0563584, 0.0303268
0.538658, -0.0229111, 0.0323906
0.568676, -0.0307961, 0.0550804
p_030
0.616436, -0.0929108, 0.0792847
0.578865, -0.100086, 0.0682983
0.574699, -0.0609818, 0.0529518
0.600655, -0.0505982, 0.07481
p_031
0.618633, -0.0462037, 0.135933
0.634563, -0.0596161, 0.109848
0.5877, -0.0295258, 0.0803185
0.580006, -0.0219765, 0.116268
p_032
0.590488, -0.0680161, 0.171169
0.591164, -0.0431862, 0.149418
0.542629, -0.045517, 0.144093
0.547276, -0.0868226, 0.152306
p_033
0.529366, -0.0978432, 0.12294
0.53685, -0.108273, 0.0947762
0.578526, -0.129578, 0.100906
0.562752, -0.118786, 0.14526
p_034
0.617043, -0.116184, 0.198772
0.589577, -0.101563, 0.182938
0.591759, -0.13863, 0.160809
0.618328, -0.14988, 0.185097
p_035
0.61792, -0.160278, 0.14592
0.596687, -0.143383, 0.119587
0.631516, -0.146957, 0.111431
0.656517, -0.178093, 0.14555
p_036
0.670296, -0.147801, 0.118343
0.631542, -0.125847, 0.0963058
0.656425, -0.088295, 0.108643
0.690289, -0.11911, 0.125683
p_037
0.694027, -0.0948525, 0.174286
0.671864, -0.0857392, 0.131699
0.645771, -0.0629807, 0.143433
0.643452, -0.0793954, 0.182243
p_038
0.696598, -0.130112, 0.232048
0.687328, -0.100079, 0.201904
0.645786, -0.102932, 0.20388
0.660007, -0.13797, 0.223568
p_039
0.643902, -0.155342, 0.209606
0.63966, -0.17384, 0.182133
0.679035, -0.200935, 0.200634
0.676746, -0.174225, 0.23164
p_040
0.69796, -0.199421, 0.162182
0.688824, -0.169571, 0.134884
0.725338, -0.172257, 0.147552
0.727257, -0.202698, 0.163116
p_041
0.725838, -0.11338, 0.184856
0.752525, -0.137119, 0.179695
0.720181, -0.133709, 0.146717
0.699913, -0.100639, 0.150936
p_042
0.77626, -0.149532, 0.241417
0.735477, -0.14407, 0.245365
0.730175, -0.125862, 0.225334
0.767517, -0.139538, 0.208107
p_043
0.735889, -0.179085, 0.265167
0.708561, -0.164303, 0.252731
0.697598, -0.200371, 0.233501
0.726997, -0.219482, 0.248886
p_044
0.706726, -0.21624, 0.190842
0.717854, -0.224243, 0.224243
0.760681, -0.242737, 0.205795
0.742088, -0.226479, 0.186501
p_045
0.804844, -0.200165, 0.182987
0.768654, -0.218178, 0.179432
0.75827, -0.17746, 0.16497
0.784977, -0.168579, 0.187103
p_046
0.806969, -0.235947, 0.276749
0.782784, -0.198212, 0.280247
0.748714, -0.208431, 0.270454
0.771526, -0.23877, 0.261738
p_047
0.817581, -0.187443, 0.277206
0.828125, -0.165493, 0.244259
0.800758, -0.156002, 0.232933
0.781807, -0.169212, 0.266628
p_048
0.850124, -0.179127, 0.208332
0.805592, -0.166512, 0.20787
0.820442, -0.185993, 0.193726
p_049
0.806519, -0.261448, 0.236713
0.769817, -0.251015, 0.234291
0.782776, -0.240639, 0.196209
0.807823, -0.246616, 0.197212
p_050
0.875149, -0.229683, 0.285446
0.86211, -0.202332, 0.281185
0.824886, -0.212639, 0.285503
0.842705, -0.250572, 0.272617
p_051
0.826633, -0.259975, 0.257938
0.831467, -0.265724, 0.218437
0.870365, -0.275395, 0.221764
0.868607, -0.271301, 0.253716
p_052
0.827805, -0.228127, 0.184795
0.855427, -0.257313, 0.198158
0.885601, -0.238323, 0.183907
0.862904, -0.214878, 0.183792
p_053
0.875099, -0.180981, 0.257999
0.909599, -0.181988, 0.223797
0.879219, -0.192326, 0.195827
0.860046, -0.171002, 0.231281
p_054
0.958672, -0.21439, 0.273083
0.916588, -0.201225, 0.271702
0.90041, -0.251652, 0.279175
0.947327, -0.258694, 0.278671
p_055
0.919792, -0.276913, 0.262104
0.895473, -0.28117, 0.241219
0.923843, -0.285362, 0.21553
0.955257, -0.290993, 0.243443
p_056
0.907787, -0.263443, 0.192997
0.914089, -0.233502, 0.182381
0.957256, -0.24316, 0.183399
0.956749, -0.273171, 0.195187
p_057
0.944012, -0.196636, 0.258228
0.994442, -0.203243, 0.226753
0.943497, -0.206802, 0.196182
0.926727, -0.189419, 0.218418
p_058
1.04044, -0.256889, 0.281452
1.03016, -0.223702, 0.263699
0.989067, -0.242149, 0.279221
1.00922, -0.277012, 0.271133
p_059
0.984844, -0.289063, 0.255367
0.973644, -0.29224, 0.217365
1.02585, -0.303452, 0.213039
1.03495, -0.298058, 0.258228
p_060
1.06275, -0.24844, 0.182468
1.01544, -0.274555, 0.188396
0.979107, -0.221916, 0.191616
1.02664, -0.213719, 0.216667
p_061
1.06186, -0.217941, 0.251873
1.06881, -0.215313, 0.222343
1.04338, -0.214108, 0.214321
1.02848, -0.211166, 0.239128
p_062
1.14576, -0.255638, 0.270702
1.09321, -0.237225, 0.270008
1.08081, -0.287346, 0.276058
1.13864, -0.29995, 0.271076
p_063
1.09949, -0.31353, 0.256863
1.04643, -0.310032, 0.239273
1.09219, -0.31908, 0.211189
1.12943, -0.330841, 0.235294
p_064
1.08152, -0.282364, 0.181995
1.10398, -0.23597, 0.193848
1.1556, -0.248539, 0.197735
1.14196, -0.295094, 0.184479
p_065
1.12173, -0.230999, 0.252327
1.16504, -0.240131, 0.240917
1.12663, -0.233528, 0.209373
1.09616, -0.221081, 0.226582
p_066
1.2258, -0.289574, 0.277569
1.20835, -0.264893, 0.268742
1.17224, -0.28376, 0.276024
1.20149, -0.318234, 0.269554
p_067
1.16391, -0.327778, 0.2519
1.15801, -0.329876, 0.212711
1.21516, -0.344074, 0.209835
1.22328, -0.344425, 0.249004
p_068
1.24638, -0.282505, 0.181271
1.20253, -0.307358, 0.180702
1.16201, -0.264031, 0.18293
1.21055, -0.249516, 0.217548
p_069
1.24219, -0.258522, 0.252323
1.24051, -0.254662, 0.209911
1.18505, -0.253162, 0.200268
1.18904, -0.244152, 0.23946
p_070
1.3035, -0.289215, 0.27071
1.26883, -0.277401, 0.266769
1.24869, -0.326973, 0.272072
1.29081, -0.333649, 0.273445
p_071
1.25954, -0.352451, 0.248005
1.2333, -0.352089, 0.227535
1.27017, -0.357182, 0.207561
1.30406, -0.367668, 0.23069
p_072
1.30481, -0.338318, 0.179302
1.25194, -0.322994, 0.179878
1.27196, -0.269215, 0.19529
1.33772, -0.285782, 0.189442
p_073
1.29058, -0.267883, 0.251942
1.33903, -0.270107, 0.231663
1.30149, -0.266323, 0.208244
1.26277, -0.255772, 0.230145
p_074
1.39403, -0.332192, 0.274132
1.36721, -0.297508, 0.259869
1.32206, -0.315041, 0.279594
1.35346, -0.343636, 0.269051
p_075
1.33186, -0.361965, 0.254459
1.32101, -0.365521, 0.199863
1.36843, -0.372711, 0.197556
1.37094, -0.373547, 0.249664
p_076
1.33856, -0.315315, 0.174839
1.36929, -0.35389, 0.180756
1.40393, -0.326351, 0.178669
1.37795, -0.286862, 0.201023
p_077
1.40558, -0.300259, 0.255138
1.41219, -0.293488, 0.215439
1.36303, -0.282288, 0.22057
1.36222, -0.286102, 0.245537
p_078
1.46999, -0.328575, 0.255901
1.43314, -0.314045, 0.25457
1.42302, -0.364155, 0.260048
1.47052, -0.374855, 0.252148
p_079
1.391, -0.380825, 0.225235
1.43608, -0.376209, 0.245399
1.46441, -0.388497, 0.223103
1.42448, -0.375576, 0.201721
p_080
1.47184, -0.357666, 0.186504
1.42155, -0.351277, 0.182865
1.41956, -0.308823, 0.192139
1.45581, -0.314095, 0.205235
p_081
1.4522, -0.316197, 0.246243
1.47604, -0.313313, 0.227966
1.4375, -0.303711, 0.218365
1.42134, -0.296387, 0.235909
p_082
1.49349, -0.353565, 0.253242
1.51931, -0.361599, 0.229782
1.49021, -0.384731, 0.225639
1.49868, -0.352776, 0.195412
1.49916, -0.330464, 0.231899
p_083
1.49719, -0.324001, 0.218784
1.16224, -0.238411, 0.220543
0.816071, -0.160793, 0.228561
0.460674, 0.0580368, 0.0366211
0.0694008, 0.303761, -0.212601
1.36196, -0.303452, 0.262157
1.01598, -0.221119, 0.197758
0.617985, -0.0727807, 0.178429
0.258102, 0.169392, -0.136642
0.240147, 0.184731, -0.0673332
0.655491, -0.0711403, 0.119423
1.02546, -0.233711, 0.270271
1.34015, -0.290035, 0.1842
p_084
0.0578156, 0.202694, -0.201904
0.390797, -0.0103989, -0.00138092
0.800831, -0.254784, 0.250751
1.12363, -0.329617, 0.225441
1.50026, -0.379982, 0.225727
1.31095, -0.331226, 0.274128
1.30383, -0.340347, 0.180004
0.962502, -0.257576, 0.274994
0.955231, -0.257462, 0.184395
0.563492, -0.106403, 0.154053
0.609322, -0.111996, 0.0807877
0.199783, 0.135567, -0.0636139
0.225639, 0.116447, -0.138748
-0.00191877, 0.26619, -0.1604
-0.00312803, 0.238777, -0.247589
p_085
0.0192147, 0.248623, -0.160137
0.360184, 0.0292625, 0.0344467
0.744198, -0.20813, 0.266373
1.10927, -0.296612, 0.27206
1.45737, -0.354889, 0.25975
0.240444, 0.171234, -0.0535316
0.218025, 0.0989303, -0.0833778
0.586681, -0.0338326, 0.136349
0.541412, -0.110432, 0.115318
1.04531, -0.212097, 0.229324
0.947323, -0.277012, 0.263721
1.34111, -0.275147, 0.242264
1.29013, -0.355286, 0.252136
p_086
0.0620613, 0.290195, -0.234364
0.385597, 0.0649795, -0.0600204
0.789837, -0.196499, 0.180244
1.14782, -0.277344, 0.180828
1.51186, -0.359646, 0.208561
1.27942, -0.355351, 0.20034
1.30188, -0.268261, 0.209671
0.968224, -0.284657, 0.204781
0.990345, -0.206715, 0.21769
0.545834, -0.10717, 0.0776329
0.581627, -0.0219765, 0.0914001
0.165726, 0.154167, -0.172413
0.213337, 0.217026, -0.129669
0.0258866, 0.223358, -0.234196
0.128719, 0.228214, -0.216827
p_tip
1.52034, -0.360523, 0.222759
1.43776, -0.32655, 0.257679
1.44712, -0.326988, 0.190289
1.48674, -0.319695, 0.221706
1.42075, -0.367474, 0.257278
1.42174, -0.374622, 0.200397
1.47021, -0.386856, 0.229183
1.47609, -0.353993, 0.258327
1.48642, -0.352772, 0.189606
1.45137, -0.309296, 0.225929
p_shortArm
1.35117, -0.3111, 0.269344
1.36613, -0.289196, 0.204617
1.19633, -0.254406, 0.19949
1.03387, -0.216927, 0.207111
0.84108, -0.178085, 0.202415
0.801788, -0.229538, 0.278828
1.23208, -0.305035, 0.276615
1.01664, -0.245873, 0.277435
1.1246, -0.23394, 0.256214
1.30029, -0.270264, 0.251415
0.937141, -0.194607, 0.259235
0.80999, -0.247112, 0.197067
0.994144, -0.280384, 0.195389
1.19785, -0.32124, 0.188053
1.31655, -0.355965, 0.18914
1.26676, -0.357075, 0.235569
1.09483, -0.319264, 0.241058
0.875084, -0.270783, 0.252258
0.90834, -0.217712, 0.184006
1.10683, -0.279118, 0.178745
1.29042, -0.294582, 0.178955
p_longArm
0.755112, -0.137653, 0.226826
0.611065, -0.0440789, 0.138309
0.424076, 0.081047, 0.0130157
0.255531, 0.188866, -0.0904121
0.0973892, 0.290131, -0.184998
0.655563, -0.128712, 0.217007
0.490398, -0.0137444, 0.113491
0.311211, 0.0850563, 0.00933075
0.157734, 0.210178, -0.094799
0.0597306, 0.262585, -0.148003
0.706577, -0.113091, 0.14402
0.521748, 0.00461192, 0.0285034
0.347492, 0.116672, -0.0789719
0.180946, 0.220921, -0.180077
0.110569, 0.169403, -0.146381
0.239704, 0.0840149, -0.0725441
0.405357, -0.0237503, 0.0284271
0.574818, -0.130413, 0.141891
0.689213, -0.166294, 0.131546
0.670376, -0.191868, 0.162434
0.578709, -0.103149, 0.0692253
0.421261, 0.00176998, -0.029129
0.257542, 0.103165, -0.126404
0.0741081, 0.239029, -0.24432
p_joint1
0.885319, -0.19318, 0.270344
0.869617, -0.271103, 0.252201
0.771919, -0.171478, 0.269051
0.761818, -0.244999, 0.243179
0.813404, -0.224773, 0.282921
0.87693, -0.241818, 0.184376
0.785099, -0.228912, 0.185158
0.833954, -0.185852, 0.195171
0.898945, -0.193134, 0.199692
0.784809, -0.173359, 0.184326
0.877636, -0.174786, 0.231796
0.802502, -0.156464, 0.232395
0.806423, -0.259842, 0.227428
0.704403, -0.203419, 0.237793
0.742962, -0.204517, 0.166046
0.710587, -0.138172, 0.237133
0.750595, -0.12917, 0.205868
p_joint2
0.155502, 0.231205, -0.108231
0.0806961, 0.281815, -0.155987
-0.0232086, 0.315498, -0.184319
0.148468, 0.261181, -0.174129
0.0444107, 0.30526, -0.229927
0.193844, 0.221909, -0.167183
-0.0213127, 0.255898, -0.158768
0.102795, 0.219391, -0.119202
0.0436821, 0.225395, -0.162064
0.0603066, 0.210304, -0.223045
-0.0292702, 0.221996, -0.190022
-0.0228958, 0.245739, -0.249069
0.102642, 0.174175, -0.154774
0.12727, 0.193291, -0.208054
0.0139771, 0.282509, -0.253033
0.105644, 0.240837, -0.232166
0.0626374, 0.247189, -0.246727
0.103252, 0.282906, -0.21125
0.0348969, 0.310638, -0.190559
p_upperHalf
0.801399, -0.167206, 0.257416
0.776703, -0.214314, 0.279068
0.774754, -0.243866, 0.256313
0.857376, -0.210522, 0.284298
0.859341, -0.244198, 0.278988
0.959709, -0.229385, 0.27774
0.991333, -0.281258, 0.265091
1.08574, -0.252644, 0.277954
1.0945, -0.3018, 0.265434
1.22485, -0.27869, 0.271908
1.21925, -0.326435, 0.266068
1.36079, -0.29332, 0.254604
1.3288, -0.344429, 0.268784
1.45255, -0.333023, 0.257332
1.44495, -0.370243, 0.251587
1.3947, -0.336506, 0.271206
1.2815, -0.302891, 0.276722
1.16578, -0.292984, 0.273487
1.02071, -0.245735, 0.277653
0.925266, -0.250954, 0.28175
1.41315, -0.29345, 0.233662
1.31193, -0.274357, 0.252949
1.20471, -0.246182, 0.247498
1.09622, -0.223576, 0.241764
0.94825, -0.189819, 0.24004
0.8423, -0.168984, 0.249012
0.835167, -0.179443, 0.19912
0.999458, -0.233406, 0.188229
1.14506, -0.25359, 0.189274
1.29105, -0.276516, 0.189526
1.37198, -0.300606, 0.186966
1.46925, -0.317234, 0.201134
1.50531, -0.33075, 0.223289
1.08222, -0.223213, 0.203369
0.835678, -0.256283, 0.199528
0.896183, -0.27433, 0.206509
1.0306, -0.302288, 0.210365
1.13142, -0.321404, 0.206226
1.30639, -0.359818, 0.196327
1.41558, -0.374916, 0.199097
1.19599, -0.340325, 0.215759
1.20938, -0.284954, 0.17654
0.923958, -0.24099, 0.181812
0.93964, -0.278839, 0.201599
p_lowerHalf
0.788773, -0.213234, 0.280655
0.799088, -0.160275, 0.248158
-0.0240555, 0.319313, -0.195408
-0.0376053, 0.261719, -0.154675
0.0215492, 0.286747, -0.160698
0.162663, 0.218597, -0.0974083
0.291008, 0.119431, -0.00941467
0.477642, -0.00106434, 0.104874
0.680275, -0.127701, 0.22644
0.602409, -0.0385438, 0.136971
0.555836, -0.0991173, 0.154125
0.413521, 0.0832786, 0.0231056
0.360813, 0.037548, 0.0424957
0.251652, 0.19289, -0.0936775
0.192928, 0.123619, -0.0768433
0.114441, 0.278351, -0.166908
0.0742569, 0.200577, -0.151772
0.736736, -0.127232, 0.163891
0.524681, 0.0138664, 0.037159
0.353603, 0.128777, -0.0581322
0.184662, 0.236843, -0.159702
0.0487252, 0.294239, -0.243404
0.807606, -0.181969, 0.188511
0.617405, -0.0830117, 0.0768852
0.422031, 0.034542, -0.0418968
0.265766, 0.156719, -0.136272
0.135193, 0.237831, -0.21719
0.021225, 0.21574, -0.217358
0.155132, 0.159939, -0.179157
0.321964, 0.0426178, -0.0677261
0.473473, -0.0623513, 0.0384521
0.695839, -0.197388, 0.157574
0.788475, -0.255798, 0.220058
p_PROBE
-0.0962906, 0.27412, -0.144993
0.0814438, 0.235065, -0.134205
0.228546, 0.144398, -0.0434265
0.395992, 0.0347023, 0.0591507
0.611084, -0.0999795, 0.189404
0.780163, -0.215675, 0.276848
1.05211, -0.267075, 0.276669
1.39073, -0.334076, 0.26989
1.26975, -0.266407, 0.248249
1.24658, -0.343323, 0.254715
0.943184, -0.200607, 0.260464
0.938332, -0.275669, 0.261608
0.72506, -0.135422, 0.233204
0.678795, -0.20142, 0.188999
0.549084, -0.0251885, 0.128197
0.505444, -0.087925, 0.092205
0.378704, 0.0958748, 0.0111198
0.314686, 0.0386619, -0.0107307
0.202438, 0.209625, -0.0930481
0.166538, 0.129829, -0.121052
0.0339356, 0.29641, -0.170547
0.0433159, 0.215611, -0.173889
0.0833397, 0.267303, -0.239639
0.28574, 0.129791, -0.122276
0.482841, 0.0100822, -0.000495911
0.64991, -0.112026, 0.100319
0.807457, -0.203709, 0.183022
1.02891, -0.258324, 0.183796
1.35958, -0.310345, 0.186157
1.50554, -0.346851, 0.202835
1.22909, -0.339214, 0.195808
0.887657, -0.273136, 0.208702
0.416946, -0.012127, -0.0158997
0.0944863, 0.195896, -0.21085
1.12939, -0.250351, 0.188286
1.5101, -0.364033, 0.242149
-0.0136566, 0.319706, -0.216877
0.00769045, 0.233452, -0.244225
-0.0407829, 0.221306, -0.187515
p_087
0.622768, -0.0764924, 0.182751
0.62175, -0.161335, 0.173115
0.834789, -0.170822, 0.253143
0.830059, -0.263397, 0.25045
1.11663, -0.229832, 0.250374
1.12019, -0.323803, 0.247257
1.32214, -0.275147, 0.25108
1.30851, -0.357296, 0.255745
1.43794, -0.347359, 0.259872
1.20169, -0.290798, 0.276047
0.987751, -0.24123, 0.276936
0.680317, -0.164471, 0.238136
p_088
0.0191651, 0.298992, -0.170174
0.0379372, 0.210911, -0.194675
0.155495, 0.230564, -0.110077
0.167599, 0.13081, -0.112415
68.7773, -6.88417, -50.1487
0.277786, 0.147808, -0.0319138
0.321327, 0.0307121, -0.0294151
0.401855, 0.0699234, 0.0407181
0.418377, -0.0313187, 0.0411377
0.50864, 0.00854869, 0.0984726
0.522175, -0.0951539, 0.112358
0.446888, -0.0211792, 0.0914841
0.337559, 0.047039, 0.0217323
0.186611, 0.139923, -0.0711555
0.0685196, 0.221947, -0.142437
p_089
0.587696, -0.120945, 0.0862503
0.580711, -0.0225831, 0.0866699
0.416672, -0.00853733, -0.019371
0.403053, 0.0931625, -0.00703812
0.226192, 0.118225, -0.139381
0.226952, 0.207142, -0.109566
0.0939484, 0.188995, -0.202156
0.0988617, 0.287918, -0.192295
0.0158882, 0.233585, -0.244545
0.0112152, 0.312805, -0.221813
0.096138, 0.265884, -0.233379
0.203568, 0.185478, -0.172451
0.344639, 0.104084, -0.0844612
0.505508, -0.00104909, 0.0134583
p_090
0.525669, -0.0851593, 0.0527
0.556988, -0.00576024, 0.0795174
0.683941, -0.189724, 0.152641
0.728355, -0.116192, 0.188919
0.894409, -0.264553, 0.194115
0.950699, -0.192207, 0.23357
1.10689, -0.298336, 0.183796
1.1621, -0.241203, 0.218872
1.30619, -0.339531, 0.180485
1.32655, -0.270912, 0.214706
1.44394, -0.378372, 0.200245
1.4497, -0.310211, 0.222481
1.51637, -0.353138, 0.220448
1.38229, -0.320881, 0.176903
1.22985, -0.287956, 0.178177
1.02015, -0.239559, 0.18784
0.802422, -0.190422, 0.186756
0.639687, -0.0987092, 0.0943146
